1.1 181.544792 -8.800281 
1.2 181.545083 -8.802486 
1.3 181.547042 -8.795400 
2.1 181.560542 -8.808992 
2.2 181.562500 -8.804908 
2.3 181.562625 -8.796686 
3.1 181.560125 -8.809500 
3.2 181.562500 -8.804583 
3.3 181.562542 -8.796847 
4.1 181.552417 -8.795311 
4.2 181.546750 -8.797297 
4.3 181.554792 -8.799956 
4.4 181.550496 -8.799864 
4.5 181.548750 -8.811956 
5.1 181.556917 -8.801744 
5.2 181.556750 -8.796069 
5.3 181.552458 -8.809461 
6.1 181.543250 -8.797806 
6.2 181.544333 -8.807492 
6.3 181.546708 -8.793122 
7.1 181.566583 -8.804439 
7.2 181.566458 -8.804781 
7.3 181.566458 -8.805125 
7.4 181.566250 -8.806392 
7.5 181.565625 -8.807636 
8.1 181.551375 -8.791281 
8.2 181.544083 -8.797081 
8.3 181.555208 -8.801058 
8.4 181.547333 -8.812497 
9.1 181.549958 -8.796358 
9.2 181.548125 -8.797044 
9.3 181.552208 -8.800408 
9.4 181.551292 -8.800336 
9.5 181.547833 -8.808503 
10.1 181.550542 -8.795689 
10.2 181.547167 -8.798003 
10.3 181.552208 -8.800408 
10.4 181.551292 -8.800336 
10.5 181.547125 -8.809119 
11.1 181.550167 -8.800625 
11.2 181.549042 -8.800136 
11.3 181.554500 -8.801111 
11.4 181.553667 -8.795764 
11.5 181.549958 -8.808883 
12.1 181.557583 -8.803064 
12.2 181.551750 -8.810981 
12.3 181.555958 -8.791642 
13.1 181.559000 -8.801419 
13.2 181.558708 -8.796214 
13.3 181.553708 -8.811414 
